                                
                                
                                
                                
                                
                                
                                
                                
                                
                                
                                
                       11111111
                      11        
                     11         
                    11          
                  111           
       1         11     2      
1111111111 111111111111111 11111
