                     98     89 
                     98     89 
                     98     89  
                     98  1  89  
                     98  1  89   
                     98  1  89  
                     98  1  89  
                     98  1  89  
                     98  1  89  
                      8  1  8   
                      8  1  8   
                      8  1  8   
                      8  1  8   
                      8  1  8   
                      8  1  8     
                      8  1  8   
          1  6  1     8  1  8  2
11111111111711111111111111111111
