                                
                                
                                
                                
                                
                                
                                
                                
                                
                                
                     11           
                    11 555555555
                    11        
                  111 11111111      
                  11           
       1         11    555 1  
       1         1     525 1   
1111111111 111111111111111111111
