                                
 
                                
                                
 444444444444444444444444444444                                 
                                
    3                           
    2                           
                              
                                
                                
                  

    
                               
  4    4     4     4  4 4    4
                                
11111111111111111111111111111111
n