                                
                                
         x             6     1  
5551111111 1111111111111111111AA                          
9 91      199999999999999                       
9 91
9 9                          
9 91       1   k     k   1      
1 118888888111111111111111111111                                                          
   1                       
   1AAAAAAAA            p       
   199999999           111111111
   1                  11        
   1                 11 8       
   1                11  8  9     
   1              1A1B  8  9     
   1ppppp1 a  b  11 AB  8  9  2
1711111111 11111111111111111 
