                                
                                
                                
                                
                                
99999                           
                       1111     
          p                p    
  3 11111111111111111111 1111711
    1                  AAAA     
    1                  1  1     
    1                  1  1    
    19999999999999999991  1     
    1                  1  1      
99991                  1  1      
    1     1         p  1  1      
    1   2 1    k    1  8xp1 a   
11111111111111111111111111111111
