                                
                                
                              3  
                                
                                
                              
   6           6         6        
55555555555555555555555555555555     
           6                     
11111111111111111111                               
                    1      6     
      1              1111111111           
     1 1       6       5             
11  1111111111111111115511111111                         
112 11  11  11  11  11  11  11 
  11  11  11  11  11  11  11  11                             
                           
1111111111 111111111111111 11111
Indice : Le bloc "TP" est accessible a un certain endroit.
