                                
                                
                                
   3                            
                                
                                
                 3              
                                
                      3         
                                
                                
                        6       
          6                     
               11               
                                
       5    4   5  1   4        
                   1        2   
1111 111111111111111111111111111
